3.200000000000000178e+00 2.435543121464434080e+01 1.938799051640671678e+01 1.242625834856880829e+01
3.250000000000000000e+00 1.446989464602665976e+01 9.755654467880958691e+00 3.145310343825258315e+00
3.300000000000000266e+00 6.616204194870078936e+00 2.134008231223560870e+00 -4.153980014962144196e+00
3.350000000000000089e+00 4.752210261358413845e-01 -3.785672135563800111e+00 -9.765462891664355993e+00
3.400000000000000355e+00 -4.258403056155657396e+00 -8.315658455103402957e+00 -1.401189078751485795e+01
3.450000000000000178e+00 -7.842127171898027882e+00 -1.169703431514790282e+01 -1.711125083238584921e+01
3.500000000000000000e+00 -1.052908116253092885e+01 -1.421342651156010106e+01 -1.938946269365260378e+01
3.550000000000000266e+00 -1.246333468952798285e+01 -1.596081026946194470e+01 -2.087595955526921898e+01
3.600000000000000089e+00 -1.381420744655770250e+01 -1.713910638864035718e+01 -2.181328647202462889e+01
3.650000000000000355e+00 -1.470115311167319305e+01 -1.786773853382328525e+01 -2.232080944304470904e+01
3.700000000000000178e+00 -1.524048815190326422e+01 -1.827182884517242201e+01 -2.253495600234600715e+01
3.750000000000000000e+00 -1.550370375844067894e+01 -1.839424996433081105e+01 -2.246053365524858236e+01
3.800000000000000266e+00 -1.556793880081386305e+01 -1.831548909831326455e+01 -2.218169264597236179e+01
3.850000000000000089e+00 -1.550794391368981451e+01 -1.814337223913753405e+01 -2.185162132082041353e+01
3.900000000000000355e+00 -1.531429414171725512e+01 -1.782308145993738435e+01 -2.135336755600292236e+01
3.950000000000000178e+00 -1.503925759607227519e+01 -1.745186330299475230e+01 -2.084655189901241101e+01
4.000000000000000000e+00 -1.466372905269963667e+01 -1.696372048172634095e+01 -2.019981513512902893e+01
4.050000000000000711e+00 -1.423480538869625889e+01 -1.643487379624275491e+01 -1.953044083711574785e+01
4.100000000000000533e+00 -1.377309990493813530e+01 -1.588200027981656604e+01 -1.884817860627663322e+01
4.150000000000000355e+00 -1.327808511632611044e+01 -1.528320790748693980e+01 -1.810317100171232596e+01
4.200000000000000178e+00 -1.280232359931687824e+01 -1.474309395416639745e+01 -1.747083191366982646e+01
4.250000000000000000e+00 -1.229865423374576494e+01 -1.415872041252441704e+01 -1.677227257823687978e+01
4.300000000000000711e+00 -1.178284922571037896e+01 -1.356880524690495804e+01 -1.607737849553814158e+01
4.350000000000000533e+00 -1.125878717357409187e+01 -1.297818475723033771e+01 -1.539204736036481336e+01
4.400000000000000355e+00 -1.071503181810840033e+01 -1.235808825003914535e+01 -1.466392666407045908e+01
4.450000000000000178e+00 -1.017211028010933660e+01 -1.174951921348110773e+01 -1.396250743346172385e+01
4.500000000000000000e+00 -9.650246709497878328e+00 -1.117746235104277730e+01 -1.331861849394044839e+01
4.550000000000000711e+00 -9.150414945906959474e+00 -1.062656840440467931e+01 -1.269497732573654503e+01
4.600000000000000533e+00 -8.650728406792040914e+00 -1.005833732779137790e+01 -1.203020060711423866e+01
4.650000000000000355e+00 -8.163320162566378713e+00 -9.511362619377905503e+00 -1.139939799759304151e+01
4.700000000000000178e+00 -7.696634427702520043e+00 -8.997677901788847521e+00 -1.081807975060655735e+01
4.750000000000000000e+00 -7.252426323248073459e+00 -8.509064897225471213e+00 -1.026672517400584184e+01
4.800000000000000711e+00 -6.810841852711746469e+00 -8.007964457647176459e+00 -9.681693263701163232e+00
4.850000000000000533e+00 -6.399655805580550805e+00 -7.558654040622059256e+00 -9.177859024930512533e+00
4.900000000000000355e+00 -6.023662383086048067e+00 -7.146348325477447361e+00 -8.714167095604352653e+00
4.950000000000000178e+00 -5.675934418832184747e+00 -6.758107945643132553e+00 -8.268547364423284307e+00
5.000000000000000000e+00 -5.344721688743447885e+00 -6.385481301549589261e+00 -7.837663488317048177e+00
5.050000000000000711e+00 -5.025867721997201443e+00 -6.028223120665643364e+00 -7.426019183185417205e+00
5.100000000000000533e+00 -4.705468043539440259e+00 -5.658733196469256654e+00 -6.987340773775940761e+00
5.150000000000000355e+00 -4.411927646287949756e+00 -5.339189639926189557e+00 -6.631026713876053691e+00
5.200000000000000178e+00 -4.135797382332384586e+00 -5.039194114942802116e+00 -6.296801147982478142e+00
5.250000000000000000e+00 -3.856306419038446620e+00 -4.712338137323968112e+00 -5.903631470573600382e+00
5.300000000000000711e+00 -3.622107888077152893e+00 -4.462057087948778644e+00 -5.630488416500156745e+00
5.349999999999999645e+00 -3.391967875359114259e+00 -4.186097383353626356e+00 -5.290494627843145281e+00
5.400000000000000355e+00 -3.199528120603645220e+00 -3.967020311392843723e+00 -5.034104597143596038e+00
5.450000000000000178e+00 -3.018137958861188963e+00 -3.752786949917208403e+00 -4.773353306518401951e+00
5.500000000000000000e+00 -2.850599477824289352e+00 -3.557911088137188926e+00 -4.539827477856306359e+00
5.550000000000000711e+00 -2.691628138563828543e+00 -3.377994809852680191e+00 -4.330394938733661547e+00
5.600000000000000533e+00 -2.520192600059090182e+00 -3.170093521475791931e+00 -4.071386243595043197e+00
5.650000000000000355e+00 -2.369010486290790141e+00 -3.008675223099999130e+00 -3.895342062605777755e+00
5.700000000000000178e+00 -2.215727996372152120e+00 -2.838341872120508924e+00 -3.700665016367565840e+00
5.750000000000000000e+00 -2.058755777397891507e+00 -2.649695532454643399e+00 -3.468182781944051385e+00
5.800000000000000711e+00 -1.923494317452423275e+00 -2.492846408131299540e+00 -3.280911460024071857e+00
5.850000000000000533e+00 -1.807760119845625013e+00 -2.360204052820336074e+00 -3.125003731838660315e+00
5.900000000000000355e+00 -1.705086855508852750e+00 -2.236567757790908217e+00 -2.971866244479315355e+00
5.950000000000000178e+00 -1.605557958100689575e+00 -2.103295570123009384e+00 -2.791758954117540270e+00
6.000000000000000000e+00 -1.526701198599766940e+00 -2.005400761845521629e+00 -2.667135024239541963e+00
6.050000000000000711e+00 -1.464735909394221380e+00 -1.941202081070514396e+00 -2.599292172817513347e+00
6.100000000000000533e+00 -1.391918496665311977e+00 -1.853821966506075114e+00 -2.491425380867440253e+00
6.150000000000000355e+00 -1.299817617109511048e+00 -1.728341474517947063e+00 -2.320087656698888168e+00
6.200000000000000178e+00 -1.217077449837233871e+00 -1.629170765227172524e+00 -2.198409838456427678e+00
6.250000000000000000e+00 -1.133882364229066297e+00 -1.531290890852687880e+00 -2.079727448290213943e+00
6.300000000000000711e+00 -1.039500170008977875e+00 -1.406291739840526134e+00 -1.912430139782372862e+00
6.350000000000000533e+00 -9.679537652118597180e-01 -1.325868433923460543e+00 -1.819492830691160634e+00
6.400000000000000355e+00 -8.972228970378637314e-01 -1.237312262674095109e+00 -1.706346978608053178e+00
6.450000000000000178e+00 -8.403304491366725415e-01 -1.167113423434784636e+00 -1.617513888049870729e+00
6.500000000000000000e+00 -7.988924044184386730e-01 -1.119517059123609215e+00 -1.561425866384524852e+00
6.550000000000000711e+00 -7.592523797939065844e-01 -1.065473697963170707e+00 -1.487443430960411206e+00
6.600000000000000533e+00 -7.218666432891041040e-01 -1.009906864055665210e+00 -1.406419727572938427e+00
6.650000000000000355e+00 -6.888050120323896408e-01 -9.621562239772174507e-01 -1.338948059128597379e+00
6.700000000000000178e+00 -6.522214462165720761e-01 -9.081035968847572803e-01 -1.260523222299525514e+00
6.750000000000000000e+00 -6.118566197983454913e-01 -8.502234195475466549e-01 -1.178680468001402915e+00
6.800000000000000711e+00 -5.685985997843090445e-01 -7.910730491857975721e-01 -1.098078486393205822e+00
6.850000000000000533e+00 -5.289814289426431060e-01 -7.447549432981759310e-01 -1.042327185132307932e+00
6.900000000000000355e+00 -4.653843570849858224e-01 -6.467268358392175287e-01 -8.964503758761566132e-01
6.950000000000000178e+00 -4.333553733886219561e-01 -6.198938572197221220e-01 -8.775037822488229722e-01
7.000000000000000000e+00 -3.795081174757797271e-01 -5.407261487562209368e-01 -7.631970147485844791e-01
7.050000000000000711e+00 -3.534558345563709736e-01 -5.182782733754720539e-01 -7.453895013895817101e-01
7.100000000000000533e+00 -3.255780175095424056e-01 -4.847582276852335781e-01 -7.038977892079856247e-01
7.150000000000000355e+00 -2.922317908087279648e-01 -4.316162703617010266e-01 -6.239103895495645702e-01
7.200000000000000178e+00 -2.679825338418595493e-01 -3.916818968718871474e-01 -5.620441879727877676e-01
7.250000000000000000e+00 -2.647217406774871051e-01 -3.937106266675982624e-01 -5.711963967769406736e-01
7.300000000000000711e+00 -2.354647149331867695e-01 -3.352894636918790638e-01 -4.730929249490145594e-01
7.350000000000000533e+00 -2.296766106155700982e-01 -3.293611771368887275e-01 -4.668858637160155922e-01
7.400000000000000355e+00 -2.162355958716943860e-01 -3.081049981119576842e-01 -4.349691407696809620e-01
7.450000000000000178e+00 -1.925944743561558425e-01 -2.675126779649872333e-01 -3.713235200848430395e-01
7.500000000000000000e+00 -1.800948775780852884e-01 -2.551021716499235481e-01 -3.585321501304861158e-01
7.550000000000000711e+00 -1.529188266431447119e-01 -2.133055859303567559e-01 -2.968379012600053102e-01
7.600000000000000533e+00 -1.361360482405871153e-01 -1.965109040611423552e-01 -2.798177411023061723e-01
7.650000000000000355e+00 -1.073549829015973955e-01 -1.535608134872745723e-01 -2.171240812458563596e-01
7.700000000000000178e+00 -7.681987335672602057e-02 -1.066378899849951267e-01 -1.479240563639905304e-01
7.750000000000000000e+00 -6.033050522091798484e-02 -8.880421228241175413e-02 -1.279903444810770452e-01
7.800000000000000711e+00 -5.122568109072744846e-02 -8.490213440381921828e-02 -1.312259373662527651e-01
7.850000000000000533e+00 -2.281869092257693410e-02 -3.426903640502132475e-02 -4.954843461746349931e-02
7.900000000000000355e+00 -1.711192089715041220e-02 -3.151414057356305420e-02 -5.131751822773367167e-02
