9.619999999999999662e-01
1.032000000000000028e+00
1.101999999999999869e+00
1.171999999999999931e+00
1.241999999999999993e+00
1.312000000000000055e+00
1.382000000000000117e+00
1.451999999999999957e+00
1.522000000000000020e+00
1.592000000000000082e+00
1.661999999999999922e+00
1.731999999999999984e+00
1.802000000000000046e+00
1.872000000000000108e+00
1.942000000000000171e+00
2.012000000000000011e+00
2.081999999999999851e+00
2.152000000000000135e+00
2.222000000000000419e+00
2.291999999999999815e+00
2.362000000000000099e+00
2.432000000000000384e+00
2.501999999999999780e+00
2.572000000000000064e+00
2.642000000000000348e+00
2.712000000000000188e+00
2.782000000000000028e+00
2.852000000000000313e+00
2.922000000000000153e+00
2.991999999999999993e+00
3.062000000000000277e+00
3.132000000000000561e+00
3.201999999999999957e+00
3.272000000000000242e+00
3.342000000000000526e+00
3.411999999999999922e+00
3.482000000000000206e+00
3.552000000000000490e+00
3.621999999999999886e+00
3.692000000000000171e+00
3.762000000000000455e+00
3.831999999999999851e+00
3.902000000000000135e+00
3.972000000000000419e+00
4.041999999999999815e+00
4.112000000000000099e+00
4.182000000000000384e+00
4.252000000000000668e+00
4.322000000000000064e+00
4.392000000000000348e+00
4.462000000000000632e+00
4.532000000000000028e+00
4.602000000000000313e+00
4.672000000000000597e+00
4.741999999999999993e+00
4.812000000000000277e+00
4.882000000000000561e+00
4.951999999999999957e+00
5.022000000000000242e+00
5.092000000000000526e+00
5.161999999999999922e+00
5.232000000000000206e+00
5.302000000000000490e+00
5.371999999999999886e+00
5.442000000000000171e+00
5.512000000000000455e+00
5.581999999999999851e+00
5.652000000000000135e+00
5.722000000000000419e+00
5.791999999999999815e+00
5.862000000000000099e+00
5.932000000000000384e+00
6.002000000000000668e+00
6.072000000000000064e+00
6.142000000000000348e+00
6.212000000000000632e+00
6.282000000000000028e+00
6.352000000000000313e+00
