-2.166825427991984299e+00
-2.147436301607214659e+00
-2.128047175222445020e+00
-2.108658048837675381e+00
-2.089268922452905741e+00
-2.069879796068136546e+00
-2.050490669683366907e+00
-2.031101543298597711e+00
-2.011712416913828072e+00
-1.992323290529058433e+00
-1.972934164144288793e+00
-1.953545037759519376e+00
-1.934155911374749737e+00
-1.914766784989980097e+00
-1.895377658605210680e+00
-1.875988532220441041e+00
-1.856599405835671623e+00
-1.837210279450901984e+00
-1.817821153066132567e+00
-1.798432026681362927e+00
-1.779042900296593510e+00
-1.759653773911823871e+00
-1.740264647527054453e+00
-1.720875521142284814e+00
-1.701486394757515175e+00
-1.682097268372745758e+00
-1.662708141987976118e+00
-1.643319015603206701e+00
-1.623929889218437062e+00
-1.604540762833667644e+00
-1.585151636448898005e+00
-1.565762510064128588e+00
-1.546373383679358948e+00
-1.526984257294589531e+00
-1.507595130909819892e+00
-1.488206004525050252e+00
-1.468816878140280835e+00
-1.449427751755511196e+00
-1.430038625370741778e+00
-1.410649498985972139e+00
-1.391260372601202722e+00
-1.371871246216433082e+00
-1.352482119831663665e+00
-1.333092993446894026e+00
-1.313703867062124608e+00
-1.294314740677354969e+00
-1.274925614292585330e+00
-1.255536487907815912e+00
-1.236147361523046273e+00
-1.216758235138276856e+00
-1.197369108753507216e+00
-1.177979982368737799e+00
-1.158590855983968382e+00
-1.139201729599198742e+00
-1.119812603214429103e+00
-1.100423476829659464e+00
-1.081034350444889824e+00
-1.061645224060120629e+00
-1.042256097675350990e+00
-1.022866971290581350e+00
-1.003477844905811711e+00
-9.840887185210425159e-01
-9.646995921362728765e-01
-9.453104657515032372e-01
-9.259213393667335978e-01
-9.065322129819644026e-01
-8.871430865971947632e-01
-8.677539602124251239e-01
-8.483648338276554846e-01
-8.289757074428858452e-01
-8.095865810581166500e-01
-7.901974546733470106e-01
-7.708083282885773713e-01
-7.514192019038077319e-01
-7.320300755190385367e-01
-7.126409491342688973e-01
-6.932518227494992580e-01
-6.738626963647296186e-01
-6.544735699799599793e-01
-6.350844435951907840e-01
-6.156953172104211447e-01
-5.963061908256515053e-01
-5.769170644408818660e-01
-5.575279380561126708e-01
-5.381388116713430314e-01
-5.187496852865733921e-01
-4.993605589018037527e-01
-4.799714325170341134e-01
-4.605823061322649181e-01
-4.411931797474952788e-01
-4.218040533627256394e-01
-4.024149269779560001e-01
-3.830258005931868048e-01
-3.636366742084171655e-01
-3.442475478236475261e-01
-3.248584214388778868e-01
-3.054692950541086915e-01
-2.860801686693390522e-01
-2.666910422845694129e-01
-2.473019158997997735e-01
-2.279127895150301342e-01
-2.085236631302609389e-01
-1.891345367454912996e-01
-1.697454103607216602e-01
-1.503562839759520209e-01
-1.309671575911828256e-01
-1.115780312064131863e-01
-9.218890482164354694e-02
-7.279977843687390759e-02
-5.341065205210426825e-02
-3.402152566733507300e-02
-1.463239928256543365e-02
4.756727102204205693e-03
2.414585348697384504e-02
4.353497987174304029e-02
6.292410625651267964e-02
8.231323264128231898e-02
1.017023590260519583e-01
1.210914854108211536e-01
1.404806117955907929e-01
1.598697381803604323e-01
1.792588645651300716e-01
1.986479909498997110e-01
2.180371173346689062e-01
2.374262437194385456e-01
2.568153701042081849e-01
2.762044964889778242e-01
2.955936228737470195e-01
3.149827492585166588e-01
3.343718756432862982e-01
3.537610020280559375e-01
3.731501284128255769e-01
3.925392547975947721e-01
4.119283811823644115e-01
4.313175075671340508e-01
4.507066339519036902e-01
4.700957603366728854e-01
4.894848867214425248e-01
5.088740131062121641e-01
5.282631394909818034e-01
5.476522658757509987e-01
5.670413922605206380e-01
5.864305186452902774e-01
6.058196450300599167e-01
6.252087714148295561e-01
6.445978977995987513e-01
6.639870241843683907e-01
6.833761505691380300e-01
7.027652769539076694e-01
7.221544033386768646e-01
7.415435297234465040e-01
7.609326561082161433e-01
7.803217824929857827e-01
7.997109088777554220e-01
8.191000352625246173e-01
8.384891616472947007e-01
8.578782880320634519e-01
8.772674144168330912e-01
8.966565408016027305e-01
9.160456671863723699e-01
9.354347935711420092e-01
9.548239199559116486e-01
9.742130463406812879e-01
9.936021727254509273e-01
1.012991299110220567e+00
1.032380425494989318e+00
1.051769551879758957e+00
1.071158678264528596e+00
1.090547804649298236e+00
1.109936931034067875e+00
1.129326057418837514e+00
1.148715183803607154e+00
1.168104310188376793e+00
1.187493436573146433e+00
1.206882562957915184e+00
1.226271689342684823e+00
1.245660815727454462e+00
1.265049942112224102e+00
1.284439068496993741e+00
1.303828194881763380e+00
1.323217321266533020e+00
1.342606447651302659e+00
1.361995574036071410e+00
1.381384700420841050e+00
1.400773826805610689e+00
1.420162953190380328e+00
1.439552079575149968e+00
1.458941205959919607e+00
1.478330332344689246e+00
1.497719458729458886e+00
1.517108585114228525e+00
1.536497711498997276e+00
1.555886837883766916e+00
1.575275964268536555e+00
1.594665090653306194e+00
1.614054217038075834e+00
1.633443343422845473e+00
1.652832469807615112e+00
1.672221596192384752e+00
1.691610722577154391e+00
1.710999848961923142e+00
1.730388975346692781e+00
1.749778101731462421e+00
1.769167228116232060e+00
1.788556354501001699e+00
1.807945480885771339e+00
1.827334607270540978e+00
1.846723733655310618e+00
1.866112860040080257e+00
1.885501986424849008e+00
1.904891112809618647e+00
1.924280239194388287e+00
1.943669365579157926e+00
1.963058491963927565e+00
1.982447618348697205e+00
2.001836744733466844e+00
2.021225871118236483e+00
2.040614997503006123e+00
2.060004123887774874e+00
2.079393250272544513e+00
2.098782376657314153e+00
2.118171503042083792e+00
2.137560629426853431e+00
2.156949755811623071e+00
2.176338882196392710e+00
2.195728008581162349e+00
2.215117134965931989e+00
2.234506261350700740e+00
2.253895387735470379e+00
2.273284514120240019e+00
2.292673640505009658e+00
2.312062766889779297e+00
2.331451893274548937e+00
2.350841019659318576e+00
2.370230146044088215e+00
2.389619272428856966e+00
2.409008398813626606e+00
2.428397525198396245e+00
2.447786651583165884e+00
2.467175777967935524e+00
2.486564904352705163e+00
2.505954030737474802e+00
2.525343157122244442e+00
2.544732283507014081e+00
2.564121409891782832e+00
2.583510536276552472e+00
2.602899662661322111e+00
2.622288789046091750e+00
2.641677915430861390e+00
2.661067041815631029e+00
2.680456168200400668e+00
2.699845294585170308e+00
2.719234420969939947e+00
2.738623547354708698e+00
2.758012673739478338e+00
2.777401800124247977e+00
2.796790926509017616e+00
2.816180052893787256e+00
2.835569179278556895e+00
2.854958305663326534e+00
2.874347432048096174e+00
2.893736558432865813e+00
2.913125684817634564e+00
2.932514811202404204e+00
2.951903937587173843e+00
2.971293063971943482e+00
2.990682190356713122e+00
3.010071316741482761e+00
3.029460443126252400e+00
3.048849569511022040e+00
3.068238695895791679e+00
3.087627822280560430e+00
3.107016948665330069e+00
3.126406075050099709e+00
3.145795201434869348e+00
3.165184327819638987e+00
3.184573454204408627e+00
3.203962580589178266e+00
3.223351706973947906e+00
3.242740833358717545e+00
3.262129959743486296e+00
3.281519086128255935e+00
3.300908212513025575e+00
3.320297338897795214e+00
3.339686465282564853e+00
3.359075591667334493e+00
3.378464718052104132e+00
3.397853844436873771e+00
3.417242970821642523e+00
3.436632097206412162e+00
3.456021223591181801e+00
3.475410349975951441e+00
3.494799476360721080e+00
3.514188602745490719e+00
3.533577729130260359e+00
3.552966855515029998e+00
3.572355981899799637e+00
3.591745108284568389e+00
3.611134234669338028e+00
3.630523361054107667e+00
3.649912487438877307e+00
3.669301613823646946e+00
3.688690740208416585e+00
3.708079866593186225e+00
3.727468992977955864e+00
3.746858119362725503e+00
3.766247245747494254e+00
3.785636372132263894e+00
3.805025498517033533e+00
3.824414624901803172e+00
3.843803751286572812e+00
3.863192877671342451e+00
3.882582004056112090e+00
3.901971130440881730e+00
3.921360256825651369e+00
3.940749383210420120e+00
3.960138509595189760e+00
3.979527635979959399e+00
3.998916762364729038e+00
4.018305888749498678e+00
4.037695015134268317e+00
4.057084141519037956e+00
4.076473267903807596e+00
4.095862394288577235e+00
4.115251520673345986e+00
4.134640647058115626e+00
4.154029773442885265e+00
4.173418899827654904e+00
4.192808026212424544e+00
4.212197152597194183e+00
4.231586278981963822e+00
4.250975405366733462e+00
4.270364531751502213e+00
4.289753658136271852e+00
4.309142784521041492e+00
4.328531910905811131e+00
4.347921037290580770e+00
4.367310163675350410e+00
4.386699290060120049e+00
4.406088416444889688e+00
4.425477542829659328e+00
4.444866669214428079e+00
4.464255795599197718e+00
4.483644921983967357e+00
4.503034048368736997e+00
4.522423174753506636e+00
4.541812301138276275e+00
4.561201427523045915e+00
4.580590553907815554e+00
4.599979680292585194e+00
4.619368806677353945e+00
4.638757933062123584e+00
4.658147059446893223e+00
4.677536185831662863e+00
4.696925312216432502e+00
4.716314438601202141e+00
4.735703564985971781e+00
4.755092691370741420e+00
4.774481817755511059e+00
4.793870944140279811e+00
4.813260070525049450e+00
4.832649196909819977e+00
4.852038323294589617e+00
4.871427449679357480e+00
4.890816576064127119e+00
4.910205702448896758e+00
4.929594828833666398e+00
4.948983955218436037e+00
4.968373081603205677e+00
4.987762207987975316e+00
5.007151334372744955e+00
5.026540460757514595e+00
5.045929587142284234e+00
5.065318713527053873e+00
5.084707839911823513e+00
5.104096966296593152e+00
5.123486092681362791e+00
5.142875219066132431e+00
5.162264345450902070e+00
5.181653471835671709e+00
5.201042598220441349e+00
5.220431724605209212e+00
5.239820850989978851e+00
5.259209977374748490e+00
5.278599103759518130e+00
5.297988230144287769e+00
5.317377356529057408e+00
5.336766482913827048e+00
5.356155609298596687e+00
5.375544735683366326e+00
5.394933862068135966e+00
5.414322988452905605e+00
5.433712114837675244e+00
5.453101241222444884e+00
5.472490367607214523e+00
5.491879493991984162e+00
5.511268620376753802e+00
5.530657746761523441e+00
5.550046873146293080e+00
5.569435999531060943e+00
5.588825125915830583e+00
5.608214252300600222e+00
5.627603378685369862e+00
5.646992505070139501e+00
5.666381631454909140e+00
5.685770757839678780e+00
5.705159884224448419e+00
5.724549010609218058e+00
5.743938136993987698e+00
5.763327263378757337e+00
5.782716389763526976e+00
5.802105516148296616e+00
5.821494642533066255e+00
5.840883768917835894e+00
5.860272895302605534e+00
5.879662021687375173e+00
5.899051148072143036e+00
5.918440274456912675e+00
5.937829400841682315e+00
5.957218527226451954e+00
5.976607653611221593e+00
5.995996779995991233e+00
6.015385906380760872e+00
6.034775032765530511e+00
6.054164159150300151e+00
6.073553285535069790e+00
6.092942411919839429e+00
6.112331538304609069e+00
6.131720664689378708e+00
6.151109791074148347e+00
6.170498917458917987e+00
6.189888043843687626e+00
6.209277170228457265e+00
6.228666296613226905e+00
6.248055422997994768e+00
6.267444549382764407e+00
6.286833675767534046e+00
6.306222802152303686e+00
6.325611928537073325e+00
6.345001054921842965e+00
6.364390181306612604e+00
6.383779307691382243e+00
6.403168434076151883e+00
6.422557560460921522e+00
6.441946686845691161e+00
6.461335813230460801e+00
6.480724939615230440e+00
6.500114066000000079e+00
