-2.155984945847695400e+00
-2.136757114637275023e+00
-2.117529283426853759e+00
-2.098301452216433383e+00
-2.079073621006012118e+00
-2.059845789795591742e+00
-2.040617958585170477e+00
-2.021390127374749657e+00
-2.002162296164328836e+00
-1.982934464953908016e+00
-1.963706633743487195e+00
-1.944478802533066375e+00
-1.925250971322645555e+00
-1.906023140112224734e+00
-1.886795308901803914e+00
-1.867567477691383093e+00
-1.848339646480962273e+00
-1.829111815270541230e+00
-1.809883984060120410e+00
-1.790656152849699589e+00
-1.771428321639278769e+00
-1.752200490428857949e+00
-1.732972659218437128e+00
-1.713744828008016308e+00
-1.694516996797595487e+00
-1.675289165587174667e+00
-1.656061334376753846e+00
-1.636833503166332804e+00
-1.617605671955911983e+00
-1.598377840745491163e+00
-1.579150009535070343e+00
-1.559922178324649522e+00
-1.540694347114228702e+00
-1.521466515903807881e+00
-1.502238684693387061e+00
-1.483010853482966240e+00
-1.463783022272545420e+00
-1.444555191062124599e+00
-1.425327359851703557e+00
-1.406099528641282737e+00
-1.386871697430861916e+00
-1.367643866220441096e+00
-1.348416035010020275e+00
-1.329188203799599455e+00
-1.309960372589178634e+00
-1.290732541378757814e+00
-1.271504710168336993e+00
-1.252276878957916173e+00
-1.233049047747495353e+00
-1.213821216537074310e+00
-1.194593385326653490e+00
-1.175365554116232669e+00
-1.156137722905811849e+00
-1.136909891695391028e+00
-1.117682060484970208e+00
-1.098454229274549387e+00
-1.079226398064128567e+00
-1.059998566853707747e+00
-1.040770735643286926e+00
-1.021542904432866106e+00
-1.002315073222445285e+00
-9.830872420120244648e-01
-9.638594108016036444e-01
-9.446315795911828239e-01
-9.254037483807620035e-01
-9.061759171703407389e-01
-8.869480859599199185e-01
-8.677202547494990981e-01
-8.484924235390782776e-01
-8.292645923286574572e-01
-8.100367611182366367e-01
-7.908089299078158163e-01
-7.715810986973949959e-01
-7.523532674869741754e-01
-7.331254362765533550e-01
-7.138976050661325345e-01
-6.946697738557117141e-01
-6.754419426452908937e-01
-6.562141114348700732e-01
-6.369862802244492528e-01
-6.177584490140284323e-01
-5.985306178036076119e-01
-5.793027865931867915e-01
-5.600749553827659710e-01
-5.408471241723451506e-01
-5.216192929619243301e-01
-5.023914617515030656e-01
-4.831636305410822452e-01
-4.639357993306614247e-01
-4.447079681202406043e-01
-4.254801369098197839e-01
-4.062523056993989634e-01
-3.870244744889781430e-01
-3.677966432785573225e-01
-3.485688120681365021e-01
-3.293409808577156817e-01
-3.101131496472948612e-01
-2.908853184368740408e-01
-2.716574872264532203e-01
-2.524296560160323999e-01
-2.332018248056115794e-01
-2.139739935951907590e-01
-1.947461623847699386e-01
-1.755183311743491181e-01
-1.562904999639282977e-01
-1.370626687535074772e-01
-1.178348375430866568e-01
-9.860700633266539228e-02
-7.937917512224457184e-02
-6.015134391182375140e-02
-4.092351270140293096e-02
-2.169568149098211052e-02
-2.467850280561290077e-03
1.675998092985953036e-02
3.598781214028035080e-02
5.521564335070117124e-02
7.444347456112199168e-02
9.367130577154281212e-02
1.128991369819636326e-01
1.321269681923844530e-01
1.513547994028052734e-01
1.705826306132260939e-01
1.898104618236469143e-01
2.090382930340677348e-01
2.282661242444885552e-01
2.474939554549093756e-01
2.667217866653301961e-01
2.859496178757510165e-01
3.051774490861718370e-01
3.244052802965931015e-01
3.436331115070139219e-01
3.628609427174347424e-01
3.820887739278555628e-01
4.013166051382763833e-01
4.205444363486972037e-01
4.397722675591180241e-01
4.590000987695388446e-01
4.782279299799596650e-01
4.974557611903804855e-01
5.166835924008013059e-01
5.359114236112221263e-01
5.551392548216429468e-01
5.743670860320637672e-01
5.935949172424845877e-01
6.128227484529054081e-01
6.320505796633262285e-01
6.512784108737470490e-01
6.705062420841678694e-01
6.897340732945886899e-01
7.089619045050095103e-01
7.281897357154307748e-01
7.474175669258515953e-01
7.666453981362724157e-01
7.858732293466932362e-01
8.051010605571140566e-01
8.243288917675348770e-01
8.435567229779552534e-01
8.627845541883765179e-01
8.820123853987968943e-01
9.012402166092181588e-01
9.204680478196385351e-01
9.396958790300597997e-01
9.589237102404810642e-01
9.781515414509014406e-01
9.973793726613227051e-01
1.016607203871743081e+00
1.035835035082164346e+00
1.055062866292584722e+00
1.074290697503005987e+00
1.093518528713426363e+00
1.112746359923847628e+00
1.131974191134268004e+00
1.151202022344689269e+00
1.170429853555109645e+00
1.189657684765530909e+00
1.208885515975951286e+00
1.228113347186372550e+00
1.247341178396792927e+00
1.266569009607214191e+00
1.285796840817634568e+00
1.305024672028055832e+00
1.324252503238476208e+00
1.343480334448897473e+00
1.362708165659318738e+00
1.381935996869739114e+00
1.401163828080160378e+00
1.420391659290580755e+00
1.439619490501002019e+00
1.458847321711422396e+00
1.478075152921843660e+00
1.497302984132264037e+00
1.516530815342685301e+00
1.535758646553105677e+00
1.554986477763526942e+00
1.574214308973947318e+00
1.593442140184368583e+00
1.612669971394788959e+00
1.631897802605210224e+00
1.651125633815630600e+00
1.670353465026051865e+00
1.689581296236472241e+00
1.708809127446893505e+00
1.728036958657313882e+00
1.747264789867735146e+00
1.766492621078156411e+00
1.785720452288576787e+00
1.804948283498998052e+00
1.824176114709418428e+00
1.843403945919839693e+00
1.862631777130260069e+00
1.881859608340681334e+00
1.901087439551101710e+00
1.920315270761522974e+00
1.939543101971943351e+00
1.958770933182364615e+00
1.977998764392784992e+00
1.997226595603206256e+00
2.016454426813626633e+00
2.035682258024047897e+00
2.054910089234468273e+00
2.074137920444889538e+00
2.093365751655309914e+00
2.112593582865731179e+00
2.131821414076151555e+00
2.151049245286572820e+00
2.170277076496994084e+00
2.189504907707414461e+00
2.208732738917835725e+00
2.227960570128256101e+00
2.247188401338677366e+00
2.266416232549097742e+00
2.285644063759519007e+00
2.304871894969939383e+00
2.324099726180360648e+00
2.343327557390781024e+00
2.362555388601202289e+00
2.381783219811622665e+00
2.401011051022043929e+00
2.420238882232464306e+00
2.439466713442885570e+00
2.458694544653305947e+00
2.477922375863727211e+00
2.497150207074147588e+00
2.516378038284568852e+00
2.535605869494989228e+00
2.554833700705410493e+00
2.574061531915831758e+00
2.593289363126252134e+00
2.612517194336673398e+00
2.631745025547093775e+00
2.650972856757515039e+00
2.670200687967935416e+00
2.689428519178356680e+00
2.708656350388777057e+00
2.727884181599198321e+00
2.747112012809618697e+00
2.766339844020039962e+00
2.785567675230460338e+00
2.804795506440881603e+00
2.824023337651301979e+00
2.843251168861723244e+00
2.862479000072143620e+00
2.881706831282564885e+00
2.900934662492985261e+00
2.920162493703406525e+00
2.939390324913826902e+00
2.958618156124248166e+00
2.977845987334669431e+00
2.997073818545089807e+00
3.016301649755511072e+00
3.035529480965931448e+00
3.054757312176352713e+00
3.073985143386773089e+00
3.093212974597194354e+00
3.112440805807614730e+00
3.131668637018035994e+00
3.150896468228456371e+00
3.170124299438877635e+00
3.189352130649298012e+00
3.208579961859719276e+00
3.227807793070139653e+00
3.247035624280560917e+00
3.266263455490981293e+00
3.285491286701402558e+00
3.304719117911822934e+00
3.323946949122244199e+00
3.343174780332664575e+00
3.362402611543085840e+00
3.381630442753506216e+00
3.400858273963927481e+00
3.420086105174348745e+00
3.439313936384769121e+00
3.458541767595190386e+00
3.477769598805610762e+00
3.496997430016032027e+00
3.516225261226452403e+00
3.535453092436873668e+00
3.554680923647294044e+00
3.573908754857715309e+00
3.593136586068135685e+00
3.612364417278556949e+00
3.631592248488977326e+00
3.650820079699398590e+00
3.670047910909818967e+00
3.689275742120240231e+00
3.708503573330660608e+00
3.727731404541081872e+00
3.746959235751502248e+00
3.766187066961923513e+00
3.785414898172343889e+00
3.804642729382765154e+00
3.823870560593186418e+00
3.843098391803606795e+00
3.862326223014028059e+00
3.881554054224448436e+00
3.900781885434869700e+00
3.920009716645290077e+00
3.939237547855711341e+00
3.958465379066131717e+00
3.977693210276552982e+00
3.996921041486973358e+00
4.016148872697394623e+00
4.035376703907814999e+00
4.054604535118236264e+00
4.073832366328656640e+00
4.093060197539077905e+00
4.112288028749498281e+00
4.131515859959919545e+00
4.150743691170339922e+00
4.169971522380761186e+00
4.189199353591181563e+00
4.208427184801602827e+00
4.227655016012024092e+00
4.246882847222444468e+00
4.266110678432865733e+00
4.285338509643286109e+00
4.304566340853707374e+00
4.323794172064127750e+00
4.343022003274549014e+00
4.362249834484969391e+00
4.381477665695390655e+00
4.400705496905811032e+00
4.419933328116232296e+00
4.439161159326652673e+00
4.458388990537073937e+00
4.477616821747494313e+00
4.496844652957915578e+00
4.516072484168335954e+00
4.535300315378757219e+00
4.554528146589177595e+00
4.573755977799598860e+00
4.592983809010019236e+00
4.612211640220440501e+00
4.631439471430861765e+00
4.650667302641282141e+00
4.669895133851703406e+00
4.689122965062123782e+00
4.708350796272545047e+00
4.727578627482965423e+00
4.746806458693386688e+00
4.766034289903807064e+00
4.785262121114228329e+00
4.804489952324648705e+00
4.823717783535069970e+00
4.842945614745490346e+00
4.862173445955910722e+00
4.881401277166332875e+00
4.900629108376753251e+00
4.919856939587173628e+00
4.939084770797594004e+00
4.958312602008016157e+00
4.977540433218436533e+00
4.996768264428856909e+00
5.015996095639277286e+00
5.035223926849699438e+00
5.054451758060119815e+00
5.073679589270540191e+00
5.092907420480962344e+00
5.112135251691382720e+00
5.131363082901803097e+00
5.150590914112223473e+00
5.169818745322645626e+00
5.189046576533066002e+00
5.208274407743486378e+00
5.227502238953906755e+00
5.246730070164328907e+00
5.265957901374749284e+00
5.285185732585169660e+00
5.304413563795590036e+00
5.323641395006012189e+00
5.342869226216432565e+00
5.362097057426852942e+00
5.381324888637273318e+00
5.400552719847695471e+00
5.419780551058115847e+00
5.439008382268536224e+00
5.458236213478958376e+00
5.477464044689378753e+00
5.496691875899799129e+00
5.515919707110219505e+00
5.535147538320641658e+00
5.554375369531062034e+00
5.573603200741482411e+00
5.592831031951902787e+00
5.612058863162324940e+00
5.631286694372745316e+00
5.650514525583165693e+00
5.669742356793586069e+00
5.688970188004008222e+00
5.708198019214428598e+00
5.727425850424848974e+00
5.746653681635269351e+00
5.765881512845691503e+00
5.785109344056111880e+00
5.804337175266532256e+00
5.823565006476952632e+00
5.842792837687374785e+00
5.862020668897795161e+00
5.881248500108215538e+00
5.900476331318637691e+00
5.919704162529058067e+00
5.938931993739478443e+00
5.958159824949898820e+00
5.977387656160320972e+00
5.996615487370741349e+00
6.015843318581161725e+00
6.035071149791582101e+00
6.054298981002004254e+00
6.073526812212424630e+00
6.092754643422845007e+00
6.111982474633265383e+00
6.131210305843687536e+00
6.150438137054107912e+00
6.169665968264528289e+00
6.188893799474948665e+00
6.208121630685370818e+00
6.227349461895791194e+00
6.246577293106211570e+00
6.265805124316633723e+00
6.285032955527054099e+00
6.304260786737474476e+00
6.323488617947894852e+00
6.342716449158317005e+00
6.361944280368737381e+00
6.381172111579157757e+00
6.400399942789578134e+00
6.419627774000000286e+00
