-4.317977009873546379e+00
-4.288983117781362431e+00
-4.259989225689177594e+00
-4.230995333596993646e+00
-4.202001441504808810e+00
-4.173007549412624861e+00
-4.144013657320440913e+00
-4.115019765228256077e+00
-4.086025873136071240e+00
-4.057031981043887292e+00
-4.028038088951703344e+00
-3.999044196859518507e+00
-3.970050304767334115e+00
-3.941056412675149723e+00
-3.912062520582965774e+00
-3.883068628490780938e+00
-3.854074736398596990e+00
-3.825080844306412153e+00
-3.796086952214228205e+00
-3.767093060122043369e+00
-3.738099168029859420e+00
-3.709105275937674584e+00
-3.680111383845490636e+00
-3.651117491753305799e+00
-3.622123599661121851e+00
-3.593129707568937459e+00
-3.564135815476753066e+00
-3.535141923384568674e+00
-3.506148031292384282e+00
-3.477154139200199889e+00
-3.448160247108015497e+00
-3.419166355015831105e+00
-3.390172462923646712e+00
-3.361178570831462320e+00
-3.332184678739277928e+00
-3.303190786647093535e+00
-3.274196894554909143e+00
-3.245203002462724751e+00
-3.216209110370540358e+00
-3.187215218278355966e+00
-3.158221326186172018e+00
-3.129227434093987625e+00
-3.100233542001803233e+00
-3.071239649909618841e+00
-3.042245757817434448e+00
-3.013251865725250056e+00
-2.984257973633065664e+00
-2.955264081540881271e+00
-2.926270189448696879e+00
-2.897276297356512487e+00
-2.868282405264328094e+00
-2.839288513172143702e+00
-2.810294621079959310e+00
-2.781300728987774917e+00
-2.752306836895590525e+00
-2.723312944803406133e+00
-2.694319052711221740e+00
-2.665325160619037348e+00
-2.636331268526852956e+00
-2.607337376434668563e+00
-2.578343484342484171e+00
-2.549349592250299779e+00
-2.520355700158115830e+00
-2.491361808065931438e+00
-2.462367915973747046e+00
-2.433374023881562653e+00
-2.404380131789378261e+00
-2.375386239697193869e+00
-2.346392347605009476e+00
-2.317398455512825084e+00
-2.288404563420640692e+00
-2.259410671328456299e+00
-2.230416779236271907e+00
-2.201422887144087515e+00
-2.172428995051903122e+00
-2.143435102959718730e+00
-2.114441210867534338e+00
-2.085447318775349945e+00
-2.056453426683165553e+00
-2.027459534590981161e+00
-1.998465642498796768e+00
-1.969471750406612376e+00
-1.940477858314427984e+00
-1.911483966222244035e+00
-1.882490074130059643e+00
-1.853496182037875251e+00
-1.824502289945690858e+00
-1.795508397853506466e+00
-1.766514505761322074e+00
-1.737520613669137681e+00
-1.708526721576953289e+00
-1.679532829484768897e+00
-1.650538937392584504e+00
-1.621545045300400112e+00
-1.592551153208215720e+00
-1.563557261116031327e+00
-1.534563369023846935e+00
-1.505569476931662543e+00
-1.476575584839478150e+00
-1.447581692747293758e+00
-1.418587800655109366e+00
-1.389593908562924973e+00
-1.360600016470740581e+00
-1.331606124378556189e+00
-1.302612232286372240e+00
-1.273618340194187404e+00
-1.244624448102003456e+00
-1.215630556009818619e+00
-1.186636663917634671e+00
-1.157642771825449834e+00
-1.128648879733265886e+00
-1.099654987641081050e+00
-1.070661095548897102e+00
-1.041667203456712265e+00
-1.012673311364528317e+00
-9.836794192723443686e-01
-9.546855271801595322e-01
-9.256916350879755839e-01
-8.966977429957907475e-01
-8.677038509036067992e-01
-8.387099588114219628e-01
-8.097160667192380146e-01
-7.807221746270531781e-01
-7.517282825348692299e-01
-7.227343904426843935e-01
-6.937404983505004452e-01
-6.647466062583156088e-01
-6.357527141661316605e-01
-6.067588220739468241e-01
-5.777649299817628759e-01
-5.487710378895780394e-01
-5.197771457973940912e-01
-4.907832537052092547e-01
-4.617893616130253065e-01
-4.327954695208404701e-01
-4.038015774286565218e-01
-3.748076853364725736e-01
-3.458137932442877371e-01
-3.168199011521037889e-01
-2.878260090599189525e-01
-2.588321169677350042e-01
-2.298382248755501678e-01
-2.008443327833662195e-01
-1.718504406911813831e-01
-1.428565485989974349e-01
-1.138626565068125984e-01
-8.486876441462865017e-02
-5.587487232244381374e-02
-2.688098023025986549e-02
2.112911861924970935e-03
3.110680395410891919e-02
6.010069604629375561e-02
8.909458813847770386e-02
1.180884802306625403e-01
1.470823723228464885e-01
1.760762644150313250e-01
2.050701565072152732e-01
2.340640485994001097e-01
2.630579406915840579e-01
2.920518327837680062e-01
3.210457248759528426e-01
3.500396169681367908e-01
3.790335090603216273e-01
4.080274011525055755e-01
4.370212932446904119e-01
4.660151853368743602e-01
4.950090774290591966e-01
5.240029695212431449e-01
5.529968616134279813e-01
5.819907537056119295e-01
6.109846457977967660e-01
6.399785378899807142e-01
6.689724299821655507e-01
6.979663220743494989e-01
7.269602141665343353e-01
7.559541062587182836e-01
7.849479983509031200e-01
8.139418904430870683e-01
8.429357825352719047e-01
8.719296746274558529e-01
9.009235667196398012e-01
9.299174588118246376e-01
9.589113509040085859e-01
9.879052429961934223e-01
1.016899135088377371e+00
1.045893027180562207e+00
1.074886919272746155e+00
1.103880811364930992e+00
1.132874703457114940e+00
1.161868595549299776e+00
1.190862487641483725e+00
1.219856379733668561e+00
1.248850271825852509e+00
1.277844163918037346e+00
1.306838056010221294e+00
1.335831948102406130e+00
1.364825840194590079e+00
1.393819732286774915e+00
1.422813624378958863e+00
1.451807516471143700e+00
1.480801408563327648e+00
1.509795300655511596e+00
1.538789192747696433e+00
1.567783084839880381e+00
1.596776976932065217e+00
1.625770869024249166e+00
1.654764761116434002e+00
1.683758653208617950e+00
1.712752545300802787e+00
1.741746437392986735e+00
1.770740329485171571e+00
1.799734221577355520e+00
1.828728113669540356e+00
1.857722005761724304e+00
1.886715897853909141e+00
1.915709789946093089e+00
1.944703682038277925e+00
1.973697574130461874e+00
2.002691466222646710e+00
2.031685358314830658e+00
2.060679250407015495e+00
2.089673142499199443e+00
2.118667034591383391e+00
2.147660926683568228e+00
2.176654818775752176e+00
2.205648710867937012e+00
2.234642602960120961e+00
2.263636495052305797e+00
2.292630387144489745e+00
2.321624279236674582e+00
2.350618171328858530e+00
2.379612063421043366e+00
2.408605955513227315e+00
2.437599847605412151e+00
2.466593739697596099e+00
2.495587631789780936e+00
2.524581523881964884e+00
2.553575415974149720e+00
2.582569308066333669e+00
2.611563200158518505e+00
2.640557092250702453e+00
2.669550984342887290e+00
2.698544876435072126e+00
2.727538768527255186e+00
2.756532660619440023e+00
2.785526552711624859e+00
2.814520444803807919e+00
2.843514336895992756e+00
2.872508228988177592e+00
2.901502121080362429e+00
2.930496013172545489e+00
2.959489905264730325e+00
2.988483797356915161e+00
3.017477689449099998e+00
3.046471581541283058e+00
3.075465473633467894e+00
3.104459365725652731e+00
3.133453257817837567e+00
3.162447149910020627e+00
3.191441042002205464e+00
3.220434934094390300e+00
3.249428826186575137e+00
3.278422718278758197e+00
3.307416610370943033e+00
3.336410502463127870e+00
3.365404394555310930e+00
3.394398286647495766e+00
3.423392178739680602e+00
3.452386070831865439e+00
3.481379962924048499e+00
3.510373855016233335e+00
3.539367747108418172e+00
3.568361639200603008e+00
3.597355531292786068e+00
3.626349423384970905e+00
3.655343315477155741e+00
3.684337207569340578e+00
3.713331099661523638e+00
3.742324991753708474e+00
3.771318883845893311e+00
3.800312775938078147e+00
3.829306668030261207e+00
3.858300560122446043e+00
3.887294452214630880e+00
3.916288344306815716e+00
3.945282236398998776e+00
3.974276128491183613e+00
4.003270020583368449e+00
4.032263912675551509e+00
4.061257804767736346e+00
4.090251696859921182e+00
4.119245588952106019e+00
4.148239481044289079e+00
4.177233373136473915e+00
4.206227265228658752e+00
4.235221157320843588e+00
4.264215049413026648e+00
4.293208941505211484e+00
4.322202833597396321e+00
4.351196725689581157e+00
4.380190617781764217e+00
4.409184509873949054e+00
4.438178401966133890e+00
4.467172294058318727e+00
4.496166186150501787e+00
4.525160078242686623e+00
4.554153970334871460e+00
4.583147862427054520e+00
4.612141754519239356e+00
4.641135646611424193e+00
4.670129538703609029e+00
4.699123430795792089e+00
4.728117322887976925e+00
4.757111214980161762e+00
4.786105107072346598e+00
4.815098999164529658e+00
4.844092891256714495e+00
4.873086783348899331e+00
4.902080675441084168e+00
4.931074567533267228e+00
4.960068459625452064e+00
4.989062351717636901e+00
5.018056243809821737e+00
5.047050135902004797e+00
5.076044027994189634e+00
5.105037920086374470e+00
5.134031812178559306e+00
5.163025704270742366e+00
5.192019596362927203e+00
5.221013488455112039e+00
5.250007380547295099e+00
5.279001272639479936e+00
5.307995164731664772e+00
5.336989056823849609e+00
5.365982948916032669e+00
5.394976841008217505e+00
5.423970733100402342e+00
5.452964625192587178e+00
5.481958517284770238e+00
5.510952409376955075e+00
5.539946301469139911e+00
5.568940193561324747e+00
5.597934085653507807e+00
5.626927977745692644e+00
5.655921869837877480e+00
5.684915761930062317e+00
5.713909654022245377e+00
5.742903546114430213e+00
5.771897438206615050e+00
5.800891330298799886e+00
5.829885222390982946e+00
5.858879114483167783e+00
5.887873006575352619e+00
5.916866898667535679e+00
5.945860790759720516e+00
5.974854682851905352e+00
6.003848574944090188e+00
6.032842467036273248e+00
6.061836359128458085e+00
6.090830251220642921e+00
6.119824143312827758e+00
6.148818035405010818e+00
6.177811927497195654e+00
6.206805819589380491e+00
6.235799711681565327e+00
6.264793603773748387e+00
6.293787495865933224e+00
6.322781387958118060e+00
6.351775280050302896e+00
6.380769172142485957e+00
6.409763064234670793e+00
6.438756956326855629e+00
6.467750848419038689e+00
6.496744740511223526e+00
6.525738632603408362e+00
6.554732524695593199e+00
6.583726416787776259e+00
6.612720308879961095e+00
6.641714200972145932e+00
6.670708093064330768e+00
6.699701985156513828e+00
6.728695877248698665e+00
6.757689769340883501e+00
6.786683661433068337e+00
6.815677553525251398e+00
6.844671445617436234e+00
6.873665337709621070e+00
6.902659229801805907e+00
6.931653121893988967e+00
6.960647013986173803e+00
6.989640906078358640e+00
7.018634798170543476e+00
7.047628690262726536e+00
7.076622582354911373e+00
7.105616474447096209e+00
7.134610366539279269e+00
7.163604258631464106e+00
7.192598150723648942e+00
7.221592042815833778e+00
7.250585934908016839e+00
7.279579827000201675e+00
7.308573719092386511e+00
7.337567611184571348e+00
7.366561503276754408e+00
7.395555395368939244e+00
7.424549287461124081e+00
7.453543179553308917e+00
7.482537071645491977e+00
7.511530963737676814e+00
7.540524855829861650e+00
7.569518747922046487e+00
7.598512640014229547e+00
7.627506532106414383e+00
7.656500424198599219e+00
7.685494316290782280e+00
7.714488208382967116e+00
7.743482100475151952e+00
7.772475992567336789e+00
7.801469884659519849e+00
7.830463776751704685e+00
7.859457668843889522e+00
7.888451560936074358e+00
7.917445453028257418e+00
7.946439345120442255e+00
7.975433237212627091e+00
8.004427129304811928e+00
8.033421021396994988e+00
8.062414913489179824e+00
8.091408805581364660e+00
8.120402697673549497e+00
8.149396589765732557e+00
8.178390481857917393e+00
8.207384373950102230e+00
8.236378266042287066e+00
8.265372158134470126e+00
8.294366050226654963e+00
8.323359942318839799e+00
8.352353834411022859e+00
8.381347726503207696e+00
8.410341618595392532e+00
8.439335510687577369e+00
8.468329402779760429e+00
8.497323294871945265e+00
8.526317186964130102e+00
8.555311079056314938e+00
8.584304971148497998e+00
8.613298863240682834e+00
8.642292755332867671e+00
8.671286647425052507e+00
8.700280539517235567e+00
8.729274431609420404e+00
8.758268323701605240e+00
8.787262215793790077e+00
8.816256107885973137e+00
8.845249999978157973e+00
8.874243892070342810e+00
8.903237784162525870e+00
8.932231676254710706e+00
8.961225568346895543e+00
8.990219460439080379e+00
9.019213352531263439e+00
9.048207244623448275e+00
9.077201136715633112e+00
9.106195028807817948e+00
9.135188920900001008e+00
