-4.322421147354508442e+00
-4.300924507232264382e+00
-4.279427867110019434e+00
-4.257931226987775375e+00
-4.236434586865530427e+00
-4.214937946743286368e+00
-4.193441306621041420e+00
-4.171944666498797361e+00
-4.150448026376552413e+00
-4.128951386254308353e+00
-4.107454746132063406e+00
-4.085958106009819346e+00
-4.064461465887575287e+00
-4.042964825765330339e+00
-4.021468185643085391e+00
-3.999971545520841332e+00
-3.978474905398596828e+00
-3.956978265276352325e+00
-3.935481625154107821e+00
-3.913984985031863317e+00
-3.892488344909618814e+00
-3.870991704787374310e+00
-3.849495064665129807e+00
-3.827998424542885303e+00
-3.806501784420640799e+00
-3.785005144298396296e+00
-3.763508504176152236e+00
-3.742011864053907289e+00
-3.720515223931663229e+00
-3.699018583809418281e+00
-3.677521943687174222e+00
-3.656025303564929274e+00
-3.634528663442685215e+00
-3.613032023320440267e+00
-3.591535383198196207e+00
-3.570038743075951260e+00
-3.548542102953707200e+00
-3.527045462831462252e+00
-3.505548822709218193e+00
-3.484052182586973245e+00
-3.462555542464729186e+00
-3.441058902342484682e+00
-3.419562262220240179e+00
-3.398065622097995675e+00
-3.376568981975751171e+00
-3.355072341853506668e+00
-3.333575701731262164e+00
-3.312079061609017661e+00
-3.290582421486773157e+00
-3.269085781364528653e+00
-3.247589141242284150e+00
-3.226092501120039646e+00
-3.204595860997795143e+00
-3.183099220875550639e+00
-3.161602580753306135e+00
-3.140105940631061632e+00
-3.118609300508817128e+00
-3.097112660386572625e+00
-3.075616020264328121e+00
-3.054119380142083617e+00
-3.032622740019839114e+00
-3.011126099897594610e+00
-2.989629459775350107e+00
-2.968132819653105603e+00
-2.946636179530861099e+00
-2.925139539408617040e+00
-2.903642899286372536e+00
-2.882146259164128033e+00
-2.860649619041883529e+00
-2.839152978919639025e+00
-2.817656338797394522e+00
-2.796159698675150018e+00
-2.774663058552905515e+00
-2.753166418430661011e+00
-2.731669778308416507e+00
-2.710173138186172004e+00
-2.688676498063927500e+00
-2.667179857941682997e+00
-2.645683217819438493e+00
-2.624186577697193989e+00
-2.602689937574949486e+00
-2.581193297452704982e+00
-2.559696657330460479e+00
-2.538200017208215975e+00
-2.516703377085971471e+00
-2.495206736963726968e+00
-2.473710096841482464e+00
-2.452213456719237961e+00
-2.430716816596993457e+00
-2.409220176474748953e+00
-2.387723536352504450e+00
-2.366226896230259946e+00
-2.344730256108015443e+00
-2.323233615985770939e+00
-2.301736975863526435e+00
-2.280240335741281932e+00
-2.258743695619037428e+00
-2.237247055496792925e+00
-2.215750415374548865e+00
-2.194253775252304361e+00
-2.172757135130059858e+00
-2.151260495007815354e+00
-2.129763854885570851e+00
-2.108267214763326347e+00
-2.086770574641081843e+00
-2.065273934518837340e+00
-2.043777294396592836e+00
-2.022280654274348333e+00
-2.000784014152103829e+00
-1.979287374029859325e+00
-1.957790733907614822e+00
-1.936294093785370318e+00
-1.914797453663125815e+00
-1.893300813540881311e+00
-1.871804173418636807e+00
-1.850307533296392304e+00
-1.828810893174147800e+00
-1.807314253051903297e+00
-1.785817612929658793e+00
-1.764320972807414289e+00
-1.742824332685169786e+00
-1.721327692562925282e+00
-1.699831052440680779e+00
-1.678334412318436275e+00
-1.656837772196191771e+00
-1.635341132073947268e+00
-1.613844491951702764e+00
-1.592347851829458261e+00
-1.570851211707213757e+00
-1.549354571584969698e+00
-1.527857931462725194e+00
-1.506361291340480690e+00
-1.484864651218236187e+00
-1.463368011095991683e+00
-1.441871370973747180e+00
-1.420374730851502676e+00
-1.398878090729258172e+00
-1.377381450607013669e+00
-1.355884810484769165e+00
-1.334388170362524662e+00
-1.312891530240279714e+00
-1.291394890118035654e+00
-1.269898249995790707e+00
-1.248401609873546647e+00
-1.226904969751301699e+00
-1.205408329629057640e+00
-1.183911689506813580e+00
-1.162415049384568633e+00
-1.140918409262324573e+00
-1.119421769140079626e+00
-1.097925129017835566e+00
-1.076428488895590618e+00
-1.054931848773346559e+00
-1.033435208651101611e+00
-1.011938568528857552e+00
-9.904419284066126039e-01
-9.689452882843685444e-01
-9.474486481621235967e-01
-9.259520080398795372e-01
-9.044553679176345895e-01
-8.829587277953905300e-01
-8.614620876731455823e-01
-8.399654475509015228e-01
-8.184688074286565751e-01
-7.969721673064125156e-01
-7.754755271841675679e-01
-7.539788870619235084e-01
-7.324822469396785607e-01
-7.109856068174345012e-01
-6.894889666951895535e-01
-6.679923265729454940e-01
-6.464956864507005463e-01
-6.249990463284564868e-01
-6.035024062062115391e-01
-5.820057660839674796e-01
-5.605091259617225319e-01
-5.390124858394784724e-01
-5.175158457172344129e-01
-4.960192055949894652e-01
-4.745225654727454057e-01
-4.530259253505004580e-01
-4.315292852282563985e-01
-4.100326451060114508e-01
-3.885360049837673913e-01
-3.670393648615224436e-01
-3.455427247392783840e-01
-3.240460846170334364e-01
-3.025494444947893768e-01
-2.810528043725444292e-01
-2.595561642503003696e-01
-2.380595241280554220e-01
-2.165628840058113624e-01
-1.950662438835664148e-01
-1.735696037613223552e-01
-1.520729636390774075e-01
-1.305763235168333480e-01
-1.090796833945884003e-01
-8.758304327234434083e-02
-6.608640315009939314e-02
-4.458976302785533363e-02
-2.309312290561038594e-02
-1.596482783366326430e-03
1.990015733887862126e-02
4.139679746112268077e-02
6.289343758336762846e-02
8.439007770561168797e-02
1.058867178278566357e-01
1.273833579501006952e-01
1.488799980723456429e-01
1.703766381945897024e-01
1.918732783168337619e-01
2.133699184390787096e-01
2.348665585613227691e-01
2.563631986835677168e-01
2.778598388058117763e-01
2.993564789280567240e-01
3.208531190503007835e-01
3.423497591725457312e-01
3.638463992947897907e-01
3.853430394170347384e-01
4.068396795392787979e-01
4.283363196615237456e-01
4.498329597837678051e-01
4.713295999060127528e-01
4.928262400282568123e-01
5.143228801505017600e-01
5.358195202727458195e-01
5.573161603949907672e-01
5.788128005172348267e-01
6.003094406394797744e-01
6.218060807617238339e-01
6.433027208839687816e-01
6.647993610062128411e-01
6.862960011284577888e-01
7.077926412507018483e-01
7.292892813729467960e-01
7.507859214951908555e-01
7.722825616174358032e-01
7.937792017396798627e-01
8.152758418619248104e-01
8.367724819841688699e-01
8.582691221064138176e-01
8.797657622286578771e-01
9.012624023509019366e-01
9.227590424731468843e-01
9.442556825953909438e-01
9.657523227176358915e-01
9.872489628398799510e-01
1.008745602962124899e+00
1.030242243084368958e+00
1.051738883206613906e+00
1.073235523328857965e+00
1.094732163451102913e+00
1.116228803573346973e+00
1.137725443695591920e+00
1.159222083817835980e+00
1.180718723940080928e+00
1.202215364062324987e+00
1.223712004184569935e+00
1.245208644306813994e+00
1.266705284429058942e+00
1.288201924551303001e+00
1.309698564673547949e+00
1.331195204795792009e+00
1.352691844918036956e+00
1.374188485040281016e+00
1.395685125162525964e+00
1.417181765284770023e+00
1.438678405407014971e+00
1.460175045529259030e+00
1.481671685651503978e+00
1.503168325773748037e+00
1.524664965895992985e+00
1.546161606018237045e+00
1.567658246140481104e+00
1.589154886262726052e+00
1.610651526384970111e+00
1.632148166507215059e+00
1.653644806629459119e+00
1.675141446751704066e+00
1.696638086873948126e+00
1.718134726996193073e+00
1.739631367118437133e+00
1.761128007240682081e+00
1.782624647362926140e+00
1.804121287485171088e+00
1.825617927607415147e+00
1.847114567729660095e+00
1.868611207851904155e+00
1.890107847974149102e+00
1.911604488096393162e+00
1.933101128218638110e+00
1.954597768340882169e+00
1.976094408463127117e+00
1.997591048585371176e+00
2.019087688707616124e+00
2.040584328829860183e+00
2.062080968952105131e+00
2.083577609074349191e+00
2.105074249196594138e+00
2.126570889318838198e+00
2.148067529441083146e+00
2.169564169563327205e+00
2.191060809685572153e+00
2.212557449807816212e+00
2.234054089930060272e+00
2.255550730052305219e+00
2.277047370174549279e+00
2.298544010296794227e+00
2.320040650419038286e+00
2.341537290541283234e+00
2.363033930663527293e+00
2.384530570785772241e+00
2.406027210908016301e+00
2.427523851030261248e+00
2.449020491152505308e+00
2.470517131274750255e+00
2.492013771396994315e+00
2.513510411519239263e+00
2.535007051641483322e+00
2.556503691763728270e+00
2.578000331885972329e+00
2.599496972008217277e+00
2.620993612130461337e+00
2.642490252252706284e+00
2.663986892374950344e+00
2.685483532497194403e+00
2.706980172619440239e+00
2.728476812741684299e+00
2.749973452863928358e+00
2.771470092986172418e+00
2.792966733108418254e+00
2.814463373230662313e+00
2.835960013352906373e+00
2.857456653475150432e+00
2.878953293597396268e+00
2.900449933719640327e+00
2.921946573841884387e+00
2.943443213964128446e+00
2.964939854086372506e+00
2.986436494208618342e+00
3.007933134330862401e+00
3.029429774453106461e+00
3.050926414575350520e+00
3.072423054697596356e+00
3.093919694819840416e+00
3.115416334942084475e+00
3.136912975064328535e+00
3.158409615186574371e+00
3.179906255308818430e+00
3.201402895431062490e+00
3.222899535553306549e+00
3.244396175675552385e+00
3.265892815797796445e+00
3.287389455920040504e+00
3.308886096042284564e+00
3.330382736164530399e+00
3.351879376286774459e+00
3.373376016409018519e+00
3.394872656531262578e+00
3.416369296653508414e+00
3.437865936775752473e+00
3.459362576897996533e+00
3.480859217020240592e+00
3.502355857142486428e+00
3.523852497264730488e+00
3.545349137386974547e+00
3.566845777509218607e+00
3.588342417631464443e+00
3.609839057753708502e+00
3.631335697875952562e+00
3.652832337998196621e+00
3.674328978120440681e+00
3.695825618242686517e+00
3.717322258364930576e+00
3.738818898487174636e+00
3.760315538609418695e+00
3.781812178731664531e+00
3.803308818853908591e+00
3.824805458976152650e+00
3.846302099098396710e+00
3.867798739220642545e+00
3.889295379342886605e+00
3.910792019465130664e+00
3.932288659587374724e+00
3.953785299709620560e+00
3.975281939831864619e+00
3.996778579954108679e+00
4.018275220076352738e+00
4.039771860198598574e+00
4.061268500320842634e+00
4.082765140443086693e+00
4.104261780565330753e+00
4.125758420687576589e+00
4.147255060809820648e+00
4.168751700932064708e+00
4.190248341054308767e+00
4.211744981176554603e+00
4.233241621298798663e+00
4.254738261421042722e+00
4.276234901543286782e+00
4.297731541665530841e+00
4.319228181787776677e+00
4.340724821910020736e+00
4.362221462032264796e+00
4.383718102154508856e+00
4.405214742276754691e+00
4.426711382398998751e+00
4.448208022521242810e+00
4.469704662643486870e+00
4.491201302765732706e+00
4.512697942887976765e+00
4.534194583010220825e+00
4.555691223132464884e+00
4.577187863254710720e+00
4.598684503376954780e+00
4.620181143499198839e+00
4.641677783621442899e+00
4.663174423743688735e+00
4.684671063865932794e+00
4.706167703988176854e+00
4.727664344110420913e+00
4.749160984232666749e+00
4.770657624354910809e+00
4.792154264477154868e+00
4.813650904599398928e+00
4.835147544721644763e+00
4.856644184843888823e+00
4.878140824966132882e+00
4.899637465088376942e+00
4.921134105210622778e+00
4.942630745332866837e+00
4.964127385455110897e+00
4.985624025577354956e+00
5.007120665699599016e+00
5.028617305821844852e+00
5.050113945944088911e+00
5.071610586066332971e+00
5.093107226188577030e+00
5.114603866310822866e+00
5.136100506433066926e+00
5.157597146555310985e+00
5.179093786677555045e+00
5.200590426799800881e+00
5.222087066922044940e+00
5.243583707044289000e+00
5.265080347166533059e+00
5.286576987288778895e+00
5.308073627411022954e+00
5.329570267533267014e+00
5.351066907655511073e+00
5.372563547777756909e+00
5.394060187900000969e+00
