-4.316435011977755032e+00
-4.288966681677154114e+00
-4.261498351376552307e+00
-4.234030021075951389e+00
-4.206561690775350471e+00
-4.179093360474748664e+00
-4.151625030174147746e+00
-4.124156699873546827e+00
-4.096688369572945021e+00
-4.069220039272344103e+00
-4.041751708971743184e+00
-4.014283378671141378e+00
-3.986815048370540460e+00
-3.959346718069939541e+00
-3.931878387769338179e+00
-3.904410057468736817e+00
-3.876941727168135898e+00
-3.849473396867534536e+00
-3.822005066566933174e+00
-3.794536736266332255e+00
-3.767068405965730893e+00
-3.739600075665129530e+00
-3.712131745364528612e+00
-3.684663415063927250e+00
-3.657195084763325887e+00
-3.629726754462724969e+00
-3.602258424162123607e+00
-3.574790093861522244e+00
-3.547321763560921326e+00
-3.519853433260319964e+00
-3.492385102959718601e+00
-3.464916772659117683e+00
-3.437448442358516765e+00
-3.409980112057914958e+00
-3.382511781757314040e+00
-3.355043451456713122e+00
-3.327575121156111759e+00
-3.300106790855510397e+00
-3.272638460554909035e+00
-3.245170130254308116e+00
-3.217701799953706754e+00
-3.190233469653105391e+00
-3.162765139352504473e+00
-3.135296809051903111e+00
-3.107828478751301748e+00
-3.080360148450700830e+00
-3.052891818150099468e+00
-3.025423487849498549e+00
-2.997955157548897187e+00
-2.970486827248295825e+00
-2.943018496947694906e+00
-2.915550166647093544e+00
-2.888081836346492182e+00
-2.860613506045891263e+00
-2.833145175745289901e+00
-2.805676845444688539e+00
-2.778208515144087620e+00
-2.750740184843486258e+00
-2.723271854542884896e+00
-2.695803524242283977e+00
-2.668335193941682615e+00
-2.640866863641081252e+00
-2.613398533340480334e+00
-2.585930203039878972e+00
-2.558461872739278054e+00
-2.530993542438676691e+00
-2.503525212138075329e+00
-2.476056881837474410e+00
-2.448588551536873048e+00
-2.421120221236271686e+00
-2.393651890935670767e+00
-2.366183560635069405e+00
-2.338715230334468043e+00
-2.311246900033867124e+00
-2.283778569733265762e+00
-2.256310239432664400e+00
-2.228841909132063481e+00
-2.201373578831462119e+00
-2.173905248530860757e+00
-2.146436918230259838e+00
-2.118968587929658476e+00
-2.091500257629057113e+00
-2.064031927328456195e+00
-2.036563597027854833e+00
-2.009095266727253914e+00
-1.981626936426652552e+00
-1.954158606126051190e+00
-1.926690275825450271e+00
-1.899221945524848909e+00
-1.871753615224247547e+00
-1.844285284923646628e+00
-1.816816954623045266e+00
-1.789348624322443904e+00
-1.761880294021842985e+00
-1.734411963721241623e+00
-1.706943633420640261e+00
-1.679475303120039342e+00
-1.652006972819437980e+00
-1.624538642518836618e+00
-1.597070312218235699e+00
-1.569601981917634337e+00
-1.542133651617033419e+00
-1.514665321316432056e+00
-1.487196991015830694e+00
-1.459728660715229775e+00
-1.432260330414628413e+00
-1.404792000114027051e+00
-1.377323669813426132e+00
-1.349855339512824770e+00
-1.322387009212223852e+00
-1.294918678911622045e+00
-1.267450348611021127e+00
-1.239982018310420209e+00
-1.212513688009818402e+00
-1.185045357709217484e+00
-1.157577027408616566e+00
-1.130108697108014759e+00
-1.102640366807413841e+00
-1.075172036506812923e+00
-1.047703706206211116e+00
-1.020235375905610198e+00
-9.927670456050092795e-01
-9.652987153044074731e-01
-9.378303850038065548e-01
-9.103620547032056365e-01
-8.828937244026038300e-01
-8.554253941020029117e-01
-8.279570638014019934e-01
-8.004887335008010751e-01
-7.730204032001992687e-01
-7.455520728995983504e-01
-7.180837425989974321e-01
-6.906154122983956256e-01
-6.631470819977947073e-01
-6.356787516971937890e-01
-6.082104213965919826e-01
-5.807420910959910643e-01
-5.532737607953901460e-01
-5.258054304947883395e-01
-4.983371001941874212e-01
-4.708687698935865029e-01
-4.434004395929846964e-01
-4.159321092923837782e-01
-3.884637789917828599e-01
-3.609954486911810534e-01
-3.335271183905801351e-01
-3.060587880899792168e-01
-2.785904577893774103e-01
-2.511221274887764920e-01
-2.236537971881755738e-01
-1.961854668875737673e-01
-1.687171365869728490e-01
-1.412488062863719307e-01
-1.137804759857701242e-01
-8.631214568516920593e-02
-5.884381538456828764e-02
-3.137548508396648117e-02
-3.907154783365562878e-03
2.356117551723535541e-02
5.102950581783716189e-02
7.849783611843808018e-02
1.059661664190389985e-01
1.334344967196408049e-01
1.609028270202417232e-01
1.883711573208426415e-01
2.158394876214435598e-01
2.433078179220453663e-01
2.707761482226462846e-01
2.982444785232472029e-01
3.257128088238490093e-01
3.531811391244499276e-01
3.806494694250508459e-01
4.081177997256526524e-01
4.355861300262535707e-01
4.630544603268544890e-01
4.905227906274562955e-01
5.179911209280572137e-01
5.454594512286581320e-01
5.729277815292599385e-01
6.003961118298608568e-01
6.278644421304617751e-01
6.553327724310635816e-01
6.828011027316644999e-01
7.102694330322654181e-01
7.377377633328672246e-01
7.652060936334681429e-01
7.926744239340690612e-01
8.201427542346708677e-01
8.476110845352717860e-01
8.750794148358727043e-01
9.025477451364745107e-01
9.300160754370754290e-01
9.574844057376763473e-01
9.849527360382781538e-01
1.012421066338879072e+00
1.039889396639479990e+00
1.067357726940081797e+00
1.094826057240682715e+00
1.122294387541283633e+00
1.149762717841885440e+00
1.177231048142486358e+00
1.204699378443087276e+00
1.232167708743688195e+00
1.259636039044290001e+00
1.287104369344890920e+00
1.314572699645491838e+00
1.342041029946093644e+00
1.369509360246694563e+00
1.396977690547295481e+00
1.424446020847897287e+00
1.451914351148498206e+00
1.479382681449099124e+00
1.506851011749700930e+00
1.534319342050301849e+00
1.561787672350902767e+00
1.589256002651504573e+00
1.616724332952105492e+00
1.644192663252706410e+00
1.671660993553308217e+00
1.699129323853909135e+00
1.726597654154510053e+00
1.754065984455111860e+00
1.781534314755712778e+00
1.809002645056313696e+00
1.836470975356915503e+00
1.863939305657516421e+00
1.891407635958117339e+00
1.918875966258719146e+00
1.946344296559320064e+00
1.973812626859920982e+00
2.001280957160522789e+00
2.028749287461123707e+00
2.056217617761724625e+00
2.083685948062326432e+00
2.111154278362927350e+00
2.138622608663528268e+00
2.166090938964130075e+00
2.193559269264730993e+00
2.221027599565331911e+00
2.248495929865932830e+00
2.275964260166534636e+00
2.303432590467135554e+00
2.330900920767736473e+00
2.358369251068338279e+00
2.385837581368939198e+00
2.413305911669540116e+00
2.440774241970141922e+00
2.468242572270742841e+00
2.495710902571343759e+00
2.523179232871945565e+00
2.550647563172546484e+00
2.578115893473147402e+00
2.605584223773749208e+00
2.633052554074350127e+00
2.660520884374951045e+00
2.687989214675551963e+00
2.715457544976153770e+00
2.742925875276755576e+00
2.770394205577355606e+00
2.797862535877957413e+00
2.825330866178559219e+00
2.852799196479159249e+00
2.880267526779761056e+00
2.907735857080362862e+00
2.935204187380962892e+00
2.962672517681564699e+00
2.990140847982166505e+00
3.017609178282766536e+00
3.045077508583368342e+00
3.072545838883970148e+00
3.100014169184570179e+00
3.127482499485171985e+00
3.154950829785773792e+00
3.182419160086373822e+00
3.209887490386975628e+00
3.237355820687577435e+00
3.264824150988177465e+00
3.292292481288779271e+00
3.319760811589381078e+00
3.347229141889981108e+00
3.374697472190582914e+00
3.402165802491184721e+00
3.429634132791784751e+00
3.457102463092386557e+00
3.484570793392988364e+00
3.512039123693588394e+00
3.539507453994190200e+00
3.566975784294792007e+00
3.594444114595392037e+00
3.621912444895993843e+00
3.649380775196595650e+00
3.676849105497195680e+00
3.704317435797797486e+00
3.731785766098397517e+00
3.759254096398999323e+00
3.786722426699601129e+00
3.814190757000201160e+00
3.841659087300802966e+00
3.869127417601404773e+00
3.896595747902004803e+00
3.924064078202606609e+00
3.951532408503208416e+00
3.979000738803808446e+00
4.006469069104410252e+00
4.033937399405012059e+00
4.061405729705612089e+00
4.088874060006213895e+00
4.116342390306815702e+00
4.143810720607415732e+00
4.171279050908017538e+00
4.198747381208619345e+00
4.226215711509219375e+00
4.253684041809821181e+00
4.281152372110422988e+00
4.308620702411023018e+00
4.336089032711624824e+00
4.363557363012226631e+00
4.391025693312826661e+00
4.418494023613428467e+00
4.445962353914030274e+00
4.473430684214630304e+00
4.500899014515232111e+00
4.528367344815833917e+00
4.555835675116433947e+00
4.583304005417035754e+00
4.610772335717637560e+00
4.638240666018237590e+00
4.665708996318839397e+00
4.693177326619441203e+00
4.720645656920041233e+00
4.748113987220643040e+00
4.775582317521244846e+00
4.803050647821844876e+00
4.830518978122446683e+00
4.857987308423048489e+00
4.885455638723648519e+00
4.912923969024250326e+00
4.940392299324852132e+00
4.967860629625452162e+00
4.995328959926053969e+00
5.022797290226655775e+00
5.050265620527255805e+00
5.077733950827857612e+00
5.105202281128459418e+00
5.132670611429059448e+00
5.160138941729661255e+00
5.187607272030263061e+00
5.215075602330863092e+00
5.242543932631464898e+00
5.270012262932066704e+00
5.297480593232666735e+00
5.324948923533268541e+00
5.352417253833870348e+00
5.379885584134470378e+00
5.407353914435072184e+00
5.434822244735673991e+00
5.462290575036274021e+00
5.489758905336875827e+00
5.517227235637477634e+00
5.544695565938077664e+00
5.572163896238679470e+00
5.599632226539281277e+00
5.627100556839881307e+00
5.654568887140483113e+00
5.682037217441084920e+00
5.709505547741684950e+00
5.736973878042286756e+00
5.764442208342886786e+00
5.791910538643488593e+00
5.819378868944090399e+00
5.846847199244690430e+00
5.874315529545292236e+00
5.901783859845894042e+00
5.929252190146494073e+00
5.956720520447095879e+00
5.984188850747697686e+00
6.011657181048297716e+00
6.039125511348899522e+00
6.066593841649501329e+00
6.094062171950101359e+00
6.121530502250703165e+00
6.148998832551304972e+00
6.176467162851905002e+00
6.203935493152506808e+00
6.231403823453108615e+00
6.258872153753708645e+00
6.286340484054310451e+00
6.313808814354912258e+00
6.341277144655512288e+00
6.368745474956114094e+00
6.396213805256715901e+00
6.423682135557315931e+00
6.451150465857917737e+00
6.478618796158519544e+00
6.506087126459119574e+00
6.533555456759721380e+00
6.561023787060323187e+00
6.588492117360923217e+00
6.615960447661525023e+00
6.643428777962126830e+00
6.670897108262726860e+00
6.698365438563328667e+00
6.725833768863930473e+00
6.753302099164530503e+00
6.780770429465132310e+00
6.808238759765734116e+00
6.835707090066334146e+00
6.863175420366935953e+00
6.890643750667537759e+00
6.918112080968137789e+00
6.945580411268739596e+00
6.973048741569341402e+00
7.000517071869941432e+00
7.027985402170543239e+00
7.055453732471145045e+00
7.082922062771745075e+00
7.110390393072346882e+00
7.137858723372948688e+00
7.165327053673548718e+00
7.192795383974150525e+00
7.220263714274752331e+00
7.247732044575352361e+00
7.275200374875954168e+00
7.302668705176555974e+00
7.330137035477156005e+00
7.357605365777757811e+00
7.385073696078359617e+00
7.412542026378959648e+00
7.440010356679561454e+00
7.467478686980163261e+00
7.494947017280763291e+00
7.522415347581365097e+00
7.549883677881966904e+00
7.577352008182566934e+00
7.604820338483168740e+00
7.632288668783770547e+00
7.659756999084370577e+00
7.687225329384972383e+00
7.714693659685574190e+00
7.742161989986174220e+00
7.769630320286776026e+00
7.797098650587376056e+00
7.824566980887977863e+00
7.852035311188579669e+00
7.879503641489179699e+00
7.906971971789781506e+00
7.934440302090383312e+00
7.961908632390983342e+00
7.989376962691585149e+00
8.016845292992186955e+00
8.044313623292786986e+00
8.071781953593388792e+00
8.099250283893990598e+00
8.126718614194590629e+00
8.154186944495192435e+00
8.181655274795794242e+00
8.209123605096394272e+00
8.236591935396996078e+00
8.264060265697597885e+00
8.291528595998197915e+00
8.318996926298799721e+00
8.346465256599401528e+00
8.373933586900001558e+00
