-2.158870846511022457e+00
-2.139697466256513358e+00
-2.120524086002004260e+00
-2.101350705747495162e+00
-2.082177325492986064e+00
-2.063003945238476966e+00
-2.043830564983967868e+00
-2.024657184729459214e+00
-2.005483804474950116e+00
-1.986310424220441018e+00
-1.967137043965932142e+00
-1.947963663711423044e+00
-1.928790283456913945e+00
-1.909616903202405069e+00
-1.890443522947895971e+00
-1.871270142693386873e+00
-1.852096762438877997e+00
-1.832923382184368899e+00
-1.813750001929860023e+00
-1.794576621675350925e+00
-1.775403241420841827e+00
-1.756229861166332951e+00
-1.737056480911823853e+00
-1.717883100657314754e+00
-1.698709720402805878e+00
-1.679536340148296780e+00
-1.660362959893787682e+00
-1.641189579639278806e+00
-1.622016199384769708e+00
-1.602842819130260610e+00
-1.583669438875751734e+00
-1.564496058621242636e+00
-1.545322678366733760e+00
-1.526149298112224661e+00
-1.506975917857715563e+00
-1.487802537603206687e+00
-1.468629157348697589e+00
-1.449455777094188491e+00
-1.430282396839679615e+00
-1.411109016585170517e+00
-1.391935636330661419e+00
-1.372762256076152543e+00
-1.353588875821643445e+00
-1.334415495567134347e+00
-1.315242115312625470e+00
-1.296068735058116372e+00
-1.276895354803607496e+00
-1.257721974549098398e+00
-1.238548594294589300e+00
-1.219375214040080424e+00
-1.200201833785571326e+00
-1.181028453531062228e+00
-1.161855073276553352e+00
-1.142681693022044254e+00
-1.123508312767535156e+00
-1.104334932513026057e+00
-1.085161552258517403e+00
-1.065988172004008305e+00
-1.046814791749499207e+00
-1.027641411494990109e+00
-1.008468031240481011e+00
-9.892946509859719129e-01
-9.701212707314632588e-01
-9.509478904769541607e-01
-9.317745102224450626e-01
-9.126011299679359645e-01
-8.934277497134268664e-01
-8.742543694589182124e-01
-8.550809892044091143e-01
-8.359076089499000162e-01
-8.167342286953909181e-01
-7.975608484408818200e-01
-7.783874681863727218e-01
-7.592140879318640678e-01
-7.400407076773549697e-01
-7.208673274228458716e-01
-7.016939471683367735e-01
-6.825205669138276754e-01
-6.633471866593190214e-01
-6.441738064048099233e-01
-6.250004261503008252e-01
-6.058270458957917270e-01
-5.866536656412826289e-01
-5.674802853867735308e-01
-5.483069051322648768e-01
-5.291335248777557787e-01
-5.099601446232466806e-01
-4.907867643687375825e-01
-4.716133841142284844e-01
-4.524400038597198304e-01
-4.332666236052107323e-01
-4.140932433507016341e-01
-3.949198630961925360e-01
-3.757464828416834379e-01
-3.565731025871743398e-01
-3.373997223326656858e-01
-3.182263420781565877e-01
-2.990529618236474896e-01
-2.798795815691383915e-01
-2.607062013146292934e-01
-2.415328210601201953e-01
-2.223594408056115412e-01
-2.031860605511024431e-01
-1.840126802965933450e-01
-1.648393000420842469e-01
-1.456659197875751488e-01
-1.264925395330664948e-01
-1.073191592785573967e-01
-8.814577902404829857e-02
-6.897239876953920046e-02
-4.979901851503010235e-02
-3.062563826052100424e-02
-1.145225800601235022e-02
7.721122248496747886e-03
2.689450250300584599e-02
4.606788275751494410e-02
6.524126301202404221e-02
8.441464326653269623e-02
1.035880235210417943e-01
1.227614037755508924e-01
1.419347840300599906e-01
1.611081642845690887e-01
1.802815445390781868e-01
1.994549247935868408e-01
2.186283050480959389e-01
2.378016853026050370e-01
2.569750655571141351e-01
2.761484458116232332e-01
2.953218260661318872e-01
3.144952063206409854e-01
3.336685865751500835e-01
3.528419668296591816e-01
3.720153470841682797e-01
3.911887273386773778e-01
4.103621075931860318e-01
4.295354878476951299e-01
4.487088681022042280e-01
4.678822483567133261e-01
4.870556286112224242e-01
5.062290088657315223e-01
5.254023891202401764e-01
5.445757693747492745e-01
5.637491496292583726e-01
5.829225298837674707e-01
6.020959101382765688e-01
6.212692903927852228e-01
6.404426706472943209e-01
6.596160509018034190e-01
6.787894311563125171e-01
6.979628114108216153e-01
7.171361916653307134e-01
7.363095719198393674e-01
7.554829521743484655e-01
7.746563324288575636e-01
7.938297126833666617e-01
8.130030929378757598e-01
8.321764731923844138e-01
8.513498534468935119e-01
8.705232337014026101e-01
8.896966139559117082e-01
9.088699942104208063e-01
9.280433744649299044e-01
9.472167547194390025e-01
9.663901349739481006e-01
9.855635152284571987e-01
1.004736895482965409e+00
1.023910275737474507e+00
1.043083655991983605e+00
1.062257036246492703e+00
1.081430416501001801e+00
1.100603796755510899e+00
1.119777177010019997e+00
1.138950557264529095e+00
1.158123937519038193e+00
1.177297317773547292e+00
1.196470698028056390e+00
1.215644078282564600e+00
1.234817458537073698e+00
1.253990838791582796e+00
1.273164219046091894e+00
1.292337599300600992e+00
1.311510979555110090e+00
1.330684359809619188e+00
1.349857740064128286e+00
1.369031120318637385e+00
1.388204500573146483e+00
1.407377880827655581e+00
1.426551261082163791e+00
1.445724641336672889e+00
1.464898021591181987e+00
1.484071401845691085e+00
1.503244782100200183e+00
1.522418162354709281e+00
1.541591542609218379e+00
1.560764922863727477e+00
1.579938303118236576e+00
1.599111683372745674e+00
1.618285063627254772e+00
1.637458443881762982e+00
1.656631824136272080e+00
1.675805204390781178e+00
1.694978584645290276e+00
1.714151964899799374e+00
1.733325345154308472e+00
1.752498725408817570e+00
1.771672105663326668e+00
1.790845485917835767e+00
1.810018866172344865e+00
1.829192246426853963e+00
1.848365626681362173e+00
1.867539006935871271e+00
1.886712387190380369e+00
1.905885767444889467e+00
1.925059147699398565e+00
1.944232527953907663e+00
1.963405908208416761e+00
1.982579288462925859e+00
2.001752668717434958e+00
2.020926048971944056e+00
2.040099429226453154e+00
2.059272809480961364e+00
2.078446189735470462e+00
2.097619569989979560e+00
2.116792950244488658e+00
2.135966330498997756e+00
2.155139710753506854e+00
2.174313091008015952e+00
2.193486471262525050e+00
2.212659851517034149e+00
2.231833231771543247e+00
2.251006612026052345e+00
2.270179992280560555e+00
2.289353372535069653e+00
2.308526752789578751e+00
2.327700133044087849e+00
2.346873513298596947e+00
2.366046893553106045e+00
2.385220273807615143e+00
2.404393654062124241e+00
2.423567034316633340e+00
2.442740414571142438e+00
2.461913794825651536e+00
2.481087175080159746e+00
2.500260555334668844e+00
2.519433935589177942e+00
2.538607315843687040e+00
2.557780696098196138e+00
2.576954076352705236e+00
2.596127456607214334e+00
2.615300836861723432e+00
2.634474217116232531e+00
2.653647597370741629e+00
2.672820977625250727e+00
2.691994357879759825e+00
2.711167738134268035e+00
2.730341118388777133e+00
2.749514498643286231e+00
2.768687878897795329e+00
2.787861259152304427e+00
2.807034639406813525e+00
2.826208019661322624e+00
2.845381399915831722e+00
2.864554780170340820e+00
2.883728160424849918e+00
2.902901540679359016e+00
2.922074920933867226e+00
2.941248301188376324e+00
2.960421681442885422e+00
2.979595061697394520e+00
2.998768441951903618e+00
3.017941822206412716e+00
3.037115202460921815e+00
3.056288582715430913e+00
3.075461962969940011e+00
3.094635343224449109e+00
3.113808723478958207e+00
3.132982103733466417e+00
3.152155483987975515e+00
3.171328864242484613e+00
3.190502244496993711e+00
3.209675624751502809e+00
3.228849005006011907e+00
3.248022385260521006e+00
3.267195765515030104e+00
3.286369145769539202e+00
3.305542526024048300e+00
3.324715906278557398e+00
3.343889286533065608e+00
3.363062666787574706e+00
3.382236047042083804e+00
3.401409427296592902e+00
3.420582807551102000e+00
3.439756187805611098e+00
3.458929568060120197e+00
3.478102948314629295e+00
3.497276328569138393e+00
3.516449708823647491e+00
3.535623089078156589e+00
3.554796469332664799e+00
3.573969849587173897e+00
3.593143229841682995e+00
3.612316610096192093e+00
3.631489990350701191e+00
3.650663370605210289e+00
3.669836750859719388e+00
3.689010131114228486e+00
3.708183511368737584e+00
3.727356891623246682e+00
3.746530271877755780e+00
3.765703652132263990e+00
3.784877032386773088e+00
3.804050412641282186e+00
3.823223792895791284e+00
3.842397173150300382e+00
3.861570553404809480e+00
3.880743933659318579e+00
3.899917313913827677e+00
3.919090694168336775e+00
3.938264074422845873e+00
3.957437454677354971e+00
3.976610834931863181e+00
3.995784215186372279e+00
4.014957595440881377e+00
4.034130975695390475e+00
4.053304355949899573e+00
4.072477736204408671e+00
4.091651116458917770e+00
4.110824496713426868e+00
4.129997876967935966e+00
4.149171257222445064e+00
4.168344637476954162e+00
4.187518017731463260e+00
4.206691397985971470e+00
4.225864778240480568e+00
4.245038158494989666e+00
4.264211538749498764e+00
4.283384919004007862e+00
4.302558299258516961e+00
4.321731679513026059e+00
4.340905059767535157e+00
4.360078440022044255e+00
4.379251820276553353e+00
4.398425200531062451e+00
4.417598580785570661e+00
4.436771961040079759e+00
4.455945341294588857e+00
4.475118721549097955e+00
4.494292101803607054e+00
4.513465482058116152e+00
4.532638862312625250e+00
4.551812242567134348e+00
4.570985622821643446e+00
4.590159003076152544e+00
4.609332383330661642e+00
4.628505763585169852e+00
4.647679143839678950e+00
4.666852524094188048e+00
4.686025904348697146e+00
4.705199284603206245e+00
4.724372664857715343e+00
4.743546045112224441e+00
4.762719425366733539e+00
4.781892805621242637e+00
4.801066185875751735e+00
4.820239566130260833e+00
4.839412946384769043e+00
4.858586326639278141e+00
4.877759706893787239e+00
4.896933087148296337e+00
4.916106467402805436e+00
4.935279847657314534e+00
4.954453227911823632e+00
4.973626608166332730e+00
4.992799988420841828e+00
5.011973368675350926e+00
5.031146748929860024e+00
5.050320129184369122e+00
5.069493509438878220e+00
5.088666889693387319e+00
5.107840269947896417e+00
5.127013650202405515e+00
5.146187030456914613e+00
5.165360410711421935e+00
5.184533790965931033e+00
5.203707171220440131e+00
5.222880551474949229e+00
5.242053931729458327e+00
5.261227311983967425e+00
5.280400692238476523e+00
5.299574072492985621e+00
5.318747452747494719e+00
5.337920833002003818e+00
5.357094213256512916e+00
5.376267593511022014e+00
5.395440973765531112e+00
5.414614354020040210e+00
5.433787734274549308e+00
5.452961114529058406e+00
5.472134494783567504e+00
5.491307875038076602e+00
5.510481255292585701e+00
5.529654635547094799e+00
5.548828015801603897e+00
5.568001396056112995e+00
5.587174776310620317e+00
5.606348156565129415e+00
5.625521536819638513e+00
5.644694917074147611e+00
5.663868297328656709e+00
5.683041677583165807e+00
5.702215057837674905e+00
5.721388438092184003e+00
5.740561818346693101e+00
5.759735198601202200e+00
5.778908578855711298e+00
5.798081959110220396e+00
5.817255339364729494e+00
5.836428719619238592e+00
5.855602099873747690e+00
5.874775480128256788e+00
5.893948860382765886e+00
5.913122240637274984e+00
5.932295620891784083e+00
5.951469001146293181e+00
5.970642381400802279e+00
5.989815761655311377e+00
6.008989141909818699e+00
6.028162522164327797e+00
6.047335902418836895e+00
6.066509282673345993e+00
6.085682662927855091e+00
6.104856043182364189e+00
6.124029423436873287e+00
6.143202803691382385e+00
6.162376183945891484e+00
6.181549564200400582e+00
6.200722944454909680e+00
6.219896324709418778e+00
6.239069704963927876e+00
6.258243085218436974e+00
6.277416465472946072e+00
6.296589845727455170e+00
6.315763225981964268e+00
6.334936606236473366e+00
6.354109986490982465e+00
6.373283366745491563e+00
6.392456747000000661e+00
